ppm	mollisols	cambisol	acrisol
233.924	-0.000194256	-0.000101253	-4.02145E-05
226.644	-0.000193512	-7.40738E-06	-0.000111836
226.886	-0.000191139	2.2633E-05	-0.000106162
227.129	-0.000188767	3.04983E-05	-9.85825E-05
233.681	-0.000187269	-0.000106364	-4.86232E-05
226.401	-0.000181615	-3.74478E-05	-0.000115483
233.439	-0.000180282	-9.81699E-05	-5.72134E-05
227.372	-0.000179745	3.83635E-05	-8.92396E-05
234.167	-0.000176861	-9.61423E-05	-3.22206E-05
227.614	-0.000170723	1.10258E-05	-7.83687E-05
226.158	-0.000169718	-5.39059E-05	-0.000116953
227.857	-0.000162809	-1.63121E-05	-6.6366E-05
234.409	-0.000159466	-8.74284E-05	-2.47345E-05
233.196	-0.000155501	-8.99749E-05	-6.55715E-05
228.1	-0.000154895	-6.5825E-05	-5.38195E-05
228.343	-0.000146981	-0.000115338	-4.14823E-05
225.916	-0.000144522	-7.0364E-05	-0.000116074
244.116	-0.000141075	8.30086E-05	-1.42887E-05
228.585	-0.000139067	-0.000151268	-3.0193E-05
243.874	-0.000137577	4.91046E-05	-9.39804E-06
244.359	-0.000134876	0.000116912	-1.99613E-05
243.631	-0.000134079	1.6186E-06	-5.96722E-06
234.652	-0.00013362	-7.87145E-05	-1.77867E-05
241.204	-0.000132625	-0.000127032	1.84054E-06
240.962	-0.000132599	-0.000141533	8.32935E-06
240.719	-0.000132573	-0.000157107	1.50727E-05
232.953	-0.00013072	-8.30797E-05	-7.31201E-05
247.514	-0.000129993	-4.50185E-05	-2.74882E-05
244.602	-0.000128676	0.00011977	-2.54758E-05
228.828	-0.000127412	-0.000187199	-2.07618E-05
247.271	-0.00012452	-4.04622E-05	-1.71819E-05
243.388	-0.000119498	-4.58674E-05	-4.30938E-06
225.673	-0.000119325	-5.57769E-05	-0.0001127
247.029	-0.000119048	-3.59059E-05	-1.00643E-05
241.447	-0.000117593	-0.000112531	-3.68044E-06
240.476	-0.000117031	-0.000172682	2.12911E-05
244.844	-0.000115827	0.000122629	-2.98039E-05
229.071	-0.000115758	-0.000192085	-1.38559E-05
247.757	-0.000115515	-4.95748E-05	-3.96377E-05
234.895	-0.000107775	-7.00002E-05	-1.14263E-05
232.711	-0.000105939	-7.61853E-05	-7.91907E-05
243.146	-0.000104917	-8.0048E-05	-4.34931E-06
229.313	-0.000104104	-0.00019697	-9.91419E-06
246.786	-0.000103463	-3.13495E-05	-6.86264E-06
245.087	-0.000102978	9.25715E-05	-3.20473E-05
241.69	-0.000102562	-0.000111336	-7.69621E-06
240.234	-0.000101489	-0.000166081	2.62559E-05
247.999	-0.000101038	-5.99521E-05	-5.19228E-05
238.292	-0.000100865	7.93704E-05	4.37109E-06
238.05	-9.4224E-05	8.29217E-05	1.35534E-07
229.556	-9.24491E-05	-0.000173651	-9.10835E-06
238.535	-9.15744E-05	7.58184E-05	9.69868E-06
242.903	-9.12713E-05	-0.000114229	-5.67175E-06
245.33	-8.91933E-05	6.25136E-05	-3.16556E-05
235.137	-8.85785E-05	-6.12861E-05	-5.77694E-06
205.288	-8.7981E-05	4.29025E-05	6.83146E-05
246.543	-8.78773E-05	-2.95651E-05	-7.56152E-06
237.807	-8.7583E-05	5.81999E-05	-2.6106E-06
241.932	-8.75308E-05	-0.000110141	-9.92863E-06
225.43	-8.58077E-05	-4.11898E-05	-0.00010679
239.991	-8.4284E-05	-0.000159481	2.93966E-05
229.799	-8.3704E-05	-0.000150333	-1.13526E-05
238.778	-8.2284E-05	4.1222E-05	1.55332E-05
213.054	-8.18163E-05	5.08371E-05	1.78596E-05
232.468	-8.11583E-05	-6.92899E-05	-8.314E-05
248.242	-8.01886E-05	-7.03293E-05	-6.26001E-05
246.301	-7.89415E-05	-2.77807E-05	-1.14342E-05
242.66	-7.76256E-05	-0.000119859	-7.62308E-06
205.531	-7.61102E-05	6.08851E-05	6.98695E-05
245.572	-7.54087E-05	3.24559E-05	-2.85958E-05
242.418	-7.50625E-05	-0.00012549	-9.44299E-06
215.481	-7.49759E-05	5.47523E-05	8.62596E-05
230.041	-7.49585E-05	-0.000127014	-1.63465E-05
237.564	-7.42918E-05	3.34781E-05	-3.71133E-06
212.811	-7.36512E-05	2.75531E-05	1.37557E-05
213.297	-7.34953E-05	7.41209E-05	2.39581E-05
239.02	-7.29932E-05	6.62534E-06	2.11803E-05
249.698	-7.27939E-05	-0.000121436	-5.32284E-05
245.815	-7.27076E-05	2.3982E-06	-2.34224E-05
242.175	-7.24995E-05	-0.000117815	-1.04026E-05
205.046	-7.10363E-05	2.49199E-05	6.38095E-05
215.723	-7.02399E-05	8.82573E-05	8.91619E-05
246.058	-7.00061E-05	-1.26913E-05	-1.72232E-05
235.38	-6.93825E-05	-6.78173E-05	-1.04595E-06
232.225	-6.84302E-05	-6.23948E-05	-8.44725E-05
239.748	-6.70794E-05	-0.000124606	3.03795E-05
215.238	-6.64127E-05	2.12471E-05	8.33316E-05
230.284	-6.62133E-05	-0.000103696	-2.36291E-05
215.966	-6.55035E-05	0.000128692	9.24364E-05
212.569	-6.54861E-05	1.72971E-05	1.13002E-05
239.506	-6.53908E-05	-8.97323E-05	2.91495E-05
213.539	-6.51744E-05	8.40995E-05	3.19498E-05
205.774	-6.42394E-05	9.21732E-05	6.82944E-05
239.263	-6.37025E-05	-4.15536E-05	2.59293E-05
237.322	-6.1001E-05	-4.54884E-06	-3.27229E-06
248.485	-5.93385E-05	-8.07069E-05	-7.02149E-05
199.949	-5.87497E-05	-6.15286E-05	5.72949E-05
235.623	-5.82215E-05	-7.43485E-05	2.51702E-06
214.995	-5.78492E-05	1.8787E-05	7.97743E-05
230.527	-5.74682E-05	-8.64753E-05	-3.26261E-05
249.455	-5.73645E-05	-0.000113848	-6.18124E-05
230.769	-5.73123E-05	-6.92552E-05	-4.2679E-05
231.012	-5.71568E-05	-6.53399E-05	-5.30643E-05
231.255	-5.70009E-05	-6.14247E-05	-6.30153E-05
231.497	-5.6845E-05	-6.16672E-05	-7.1761E-05
231.74	-5.62733E-05	-6.19097E-05	-7.85909E-05
231.983	-5.5702E-05	-6.21523E-05	-8.294E-05
204.803	-5.40917E-05	4.1863E-05	5.67393E-05
200.192	-5.39184E-05	-2.9825E-05	5.65147E-05
225.188	-5.22907E-05	1.04689E-06	-9.84803E-05
237.079	-5.19354E-05	-4.25757E-05	-1.64155E-06
213.782	-5.0204E-05	9.40787E-05	4.12837E-05
248.727	-4.95717E-05	-9.10838E-05	-7.38544E-05
200.435	-4.90867E-05	1.62923E-05	5.49757E-05
249.213	-4.85846E-05	-0.00010626	-6.89396E-05
235.865	-4.70609E-05	-8.08799E-05	4.69715E-06
214.753	-4.55456E-05	1.6327E-05	7.49769E-05
221.79	-4.40995E-05	0.000103399	4.14594E-05
212.326	-4.40215E-05	7.04114E-06	9.83843E-06
216.209	-4.33117E-05	0.000169127	9.61577E-05
236.836	-4.28701E-05	-6.48722E-05	6.49007E-07
210.142	-4.25754E-05	4.75108E-05	3.85777E-06
236.108	-4.25497E-05	-8.74112E-05	5.40105E-06
199.707	-4.14153E-05	-9.32319E-05	5.71487E-05
210.384	-4.132E-05	8.8535E-05	1.0368E-06
236.593	-4.04543E-05	-8.71686E-05	2.9745E-06
210.627	-4.00646E-05	0.000116253	-5.40463E-07
248.97	-3.9805E-05	-9.86723E-05	-7.3283E-05
236.351	-3.80384E-05	-8.72899E-05	4.72389E-06
208.2	-3.54409E-05	3.68736E-05	1.51726E-06
209.899	-3.53111E-05	6.48674E-06	7.25016E-06
214.025	-3.52331E-05	7.46406E-05	5.10958E-05
214.267	-3.42374E-05	5.52028E-05	6.04401E-05
214.51	-3.32417E-05	3.57649E-05	6.85392E-05
206.016	-3.02025E-05	0.000123461	6.36423E-05
208.443	-2.996E-05	1.76436E-05	4.20402E-06
221.548	-2.97696E-05	5.91527E-05	4.11775E-05
222.033	-2.92674E-05	0.000147645	3.94005E-05
209.656	-2.80465E-05	-1.58617E-05	1.03179E-05
207.958	-2.78993E-05	5.61036E-05	7.05062E-07
197.523	-2.74058E-05	8.85695E-05	2.86985E-05
210.87	-2.55095E-05	0.000143973	-6.02008E-07
208.686	-2.44792E-05	-1.5864E-06	7.64008E-06
199.464	-2.40809E-05	-8.50204E-05	5.585E-05
204.56	-2.38471E-05	5.88062E-05	4.7679E-05
197.765	-2.37865E-05	7.98728E-05	2.86285E-05
212.083	-2.2557E-05	2.78303E-05	8.63875E-06
216.451	-2.11196E-05	0.000178517	0.000100067
200.677	-2.08426E-05	6.24097E-05	5.27027E-05
209.414	-2.07819E-05	-3.821E-05	1.22009E-05
207.715	-2.03577E-05	7.11758E-05	2.58884E-06
191.213	-2.03404E-05	0.00019508	7.62618E-05
198.008	-2.01672E-05	7.11758E-05	3.06299E-05
208.928	-1.89983E-05	-2.08164E-05	1.06607E-05
224.945	-1.87732E-05	4.32836E-05	-8.81107E-05
197.28	-1.67557E-05	9.72661E-05	3.07879E-05
221.305	-1.54396E-05	3.36513E-05	3.90333E-05
222.276	-1.44352E-05	0.000178586	3.49064E-05
209.171	-1.35174E-05	-2.95132E-05	1.2339E-05
191.456	-1.19935E-05	0.000186798	7.23599E-05
199.221	-1.13181E-05	-7.6809E-05	5.32412E-05
211.113	-1.09545E-05	0.000131222	6.82488E-07
198.251	-9.89814E-06	6.2479E-05	3.43827E-05
211.841	-8.57337E-06	4.86195E-05	7.1393E-06
197.037	-6.10568E-06	0.000111784	3.44978E-05
191.698	-3.64665E-06	0.00016244	7.07585E-05
211.355	-2.77214E-06	0.000118471	2.80485E-06
198.493	3.70933E-07	2.7657E-05	3.9267E-05
207.472	4.83486E-07	8.62476E-05	7.50192E-06
198.736	9.07764E-07	-7.16482E-06	4.45093E-05
216.694	1.07227E-06	0.000187907	0.000103665
198.979	1.4446E-06	-4.19867E-05	4.93587E-05
190.97	2.34508E-06	0.000203361	8.15405E-05
206.259	3.83437E-06	0.000132781	5.6237E-05
196.795	4.54437E-06	0.000126302	3.9199E-05
211.598	5.41022E-06	8.35454E-05	5.12925E-06
204.318	6.3973E-06	0.000106795	3.73846E-05
200.92	7.4017E-06	7.74821E-05	4.95691E-05
222.518	1.36965E-05	0.000209528	2.82088E-05
224.702	1.47442E-05	8.55206E-05	-7.61984E-05
196.552	1.51944E-05	0.00014082	4.42089E-05
194.611	1.78266E-05	0.000106725	8.26088E-05
196.309	1.82942E-05	0.000155337	4.89779E-05
194.853	2.02683E-05	0.000106067	7.56935E-05
191.941	2.0632E-05	0.000138082	7.19805E-05
221.062	2.10563E-05	8.14991E-06	3.58483E-05
207.23	2.13247E-05	0.00010132	1.52257E-05
196.067	2.1394E-05	0.000155996	5.32317E-05
194.368	2.1394E-05	0.000107384	8.99138E-05
202.862	2.20347E-05	0.000126129	7.29275E-07
204.075	2.23031E-05	0.000154783	2.67662E-05
195.096	2.27101E-05	0.000118714	6.97077E-05
216.937	2.32642E-05	0.000162926	0.000106359
206.502	2.37231E-05	0.000142102	4.66993E-05
203.104	2.38617E-05	0.000171553	1.43183E-07
195.824	2.44937E-05	0.000156654	5.70292E-05
194.125	2.49613E-05	0.000105132	9.67467E-05
190.728	2.50305E-05	0.000198337	8.71062E-05
195.339	2.51518E-05	0.000131361	6.47907E-05
203.347	2.56886E-05	0.000191753	2.81089E-06
195.581	2.75935E-05	0.000144007	6.07166E-05
193.883	2.85286E-05	0.000102879	0.000102104
203.59	3.19487E-05	0.000211953	8.55964E-06
193.64	3.2096E-05	0.000100627	0.000105077
206.987	3.24683E-05	0.000116392	2.50506E-05
202.619	3.35073E-05	8.07039E-05	4.31444E-06
201.163	3.5646E-05	9.25543E-05	4.53644E-05
217.179	3.67283E-05	0.000137944	0.000107619
203.832	3.82088E-05	0.000183368	1.68271E-05
222.761	4.18282E-05	0.000223838	1.97313E-05
206.744	4.36119E-05	0.000129247	3.59333E-05
193.397	4.4114E-05	9.8375E-05	0.000105093
192.184	4.49108E-05	0.000113724	7.59954E-05
202.376	4.498E-05	5.74549E-05	1.02641E-05
224.46	4.52138E-05	0.000127757	-6.33511E-05
217.422	5.01924E-05	9.07873E-05	0.000107092
188.301	5.31535E-05	0.000174498	7.95941E-05
0.955179	5.50324E-05	8.86736E-05	-9.35002E-05
188.544	5.51626E-05	0.000179176	8.3538E-05
192.426	5.58898E-05	8.93661E-05	8.21912E-05
193.154	5.61323E-05	8.94702E-05	0.000102083
188.786	5.71713E-05	0.000175814	8.70909E-05
220.82	5.75523E-05	1.36937E-05	3.26473E-05
1.19785	5.98511E-05	0.000127342	-9.15713E-05
202.134	6.07904E-05	3.42057E-05	1.76917E-05
192.912	6.15005E-05	8.05654E-05	9.65491E-05
190.485	6.16735E-05	0.000193313	9.19547E-05
0.712503	6.35136E-05	5.00054E-05	-9.68076E-05
217.665	6.36565E-05	4.36301E-05	0.000104643
186.36	6.3717E-05	-3.02431E-06	5.42729E-05
201.405	6.38903E-05	7.79673E-05	3.99201E-05
188.058	6.44442E-05	0.000169821	7.51756E-05
1.44053	6.46694E-05	0.000144388	-9.12709E-05
183.933	6.62452E-05	0.000150227	6.44656E-05
192.669	6.68688E-05	8.49658E-05	8.94859E-05
186.602	6.87564E-05	3.53144E-05	5.312E-05
223.004	6.996E-05	0.000238148	9.93228E-06
201.648	7.02457E-05	6.33798E-05	3.32468E-05
186.117	7.19775E-05	-4.13631E-05	5.71507E-05
183.69	7.27739E-05	0.000186175	5.98051E-05
186.845	7.37955E-05	7.32547E-05	5.39011E-05
224.217	7.56832E-05	0.000158074	-5.01555E-05
187.816	7.5735E-05	0.000165143	7.03205E-05
201.891	7.66011E-05	4.87928E-05	2.56364E-05
217.907	7.71206E-05	1.17534E-05	0.000100335
189.029	7.80211E-05	0.000172454	9.03361E-05
183.447	7.93026E-05	0.000211589	5.56972E-05
185.874	8.02375E-05	-5.75266E-05	6.12326E-05
184.175	8.04975E-05	0.000114279	6.89005E-05
187.088	8.09303E-05	0.000111195	5.64864E-05
187.573	8.19001E-05	0.000160465	6.52685E-05
1.68321	8.44501E-05	0.000161436	-9.24807E-05
187.33	8.80651E-05	0.00013583	6.04653E-05
218.15	9.17447E-05	-2.01234E-05	9.43694E-05
223.974	9.28533E-05	0.000188392	-3.70771E-05
220.577	9.46021E-05	1.92374E-05	3.04591E-05
184.418	9.47493E-05	7.83304E-05	7.24135E-05
185.632	9.76412E-05	-7.36903E-05	6.57844E-05
223.246	9.80914E-05	0.000230282	-8.19913E-07
190.242	9.83166E-05	0.000186417	9.53701E-05
189.272	9.88708E-05	0.000169093	9.32389E-05
183.205	9.91308E-05	0.000237004	5.2928E-05
223.489	0.000104057	0.000222417	-1.23024E-05
1.92588	0.00010423	0.000134133	-9.46745E-05
218.393	0.000106369	-1.20849E-05	8.70209E-05
184.661	0.000109002	4.23828E-05	7.44625E-05
223.732	0.000110023	0.000205405	-2.44116E-05
190	0.000112794	0.000179522	9.70296E-05
189.514	0.000113071	0.000165732	9.55831E-05
185.389	0.000115045	-5.57596E-05	7.00008E-05
182.962	0.000118959	0.000262419	5.22133E-05
185.146	0.000119149	-3.78289E-05	7.31561E-05
184.904	0.000123253	2.27694E-06	7.47261E-05
2.16856	0.000124011	0.000106829	-9.70059E-05
189.757	0.000127271	0.000172627	9.69912E-05
218.635	0.000127643	-4.04646E-06	7.86101E-05
220.334	0.000131652	4.1967E-05	3.01149E-05
182.719	0.000134388	0.000287834	5.41181E-05
2.41123	0.000143791	5.5965E-05	-9.8504E-05
218.878	0.000148917	2.45041E-05	6.95063E-05
182.477	0.000149818	0.000294677	5.89844E-05
182.234	0.000151948	0.00030152	6.68784E-05
181.991	0.000154078	0.000295058	7.75758E-05
2.65391	0.000154429	5.10081E-06	-9.83222E-05
220.092	0.000155403	6.46965E-05	3.20992E-05
181.749	0.00015787	0.000288596	9.05977E-05
181.506	0.000161663	0.000291281	0.000105295
219.121	0.000163126	5.30545E-05	6.01574E-05
2.89659	0.000165066	-1.91533E-05	-9.59597E-05
8.23546	0.000172434	0.000187439	1.55987E-05
7.99278	0.000175304	0.000189986	4.02116E-06
3.13926	0.000175703	-4.34073E-05	-9.13877E-05
219.363	0.000177335	6.83E-05	5.11134E-05
7.7501	0.000178175	0.000170583	-7.00404E-06
219.606	0.000178244	8.35454E-05	4.30092E-05
181.263	0.000178755	0.000293967	0.000120975
219.849	0.000179153	7.41209E-05	3.64922E-05
3.38194	0.00018634	-1.55498E-05	-8.50413E-05
7.50743	0.000187695	0.000151179	-1.68263E-05
5.8087	0.000190886	0.00017585	-4.34895E-05
8.47813	0.000191214	0.000184893	2.70846E-05
3.62461	0.000193236	1.23078E-05	-7.76837E-05
6.05137	0.000193418	0.000140092	-4.22702E-05
5.56602	0.000195002	0.000211607	-4.46804E-05
181.021	0.000195847	0.000327697	0.000137028
6.29405	0.000195951	0.000119857	-4.07992E-05
7.26475	0.000197215	0.000131776	-2.49648E-05
5.32335	0.00019912	0.000234059	-4.60169E-05
6.53672	0.000199592	9.96224E-05	-3.87517E-05
3.86729	0.000200133	6.67754E-05	-7.0192E-05
7.02208	0.000200224	0.000112373	-3.12229E-05
6.7794	0.000203232	0.000105998	-3.57065E-05
5.08067	0.000206146	0.000256512	-4.76972E-05
4.10997	0.00020703	0.000121243	-6.33353E-05
8.72081	0.000209995	0.000182346	3.80234E-05
4.83799	0.000213173	0.000235999	-4.99869E-05
4.59532	0.000213549	0.000215487	-5.32008E-05
4.35264	0.000213926	0.000168365	-5.7614E-05
180.778	0.000226308	0.000361428	0.000153049
8.96348	0.000242075	0.000179799	4.82705E-05
180.535	0.000256768	0.000412344	0.000168901
9.20616	0.000274155	0.000181688	5.80144E-05
180.293	0.000300529	0.00046326	0.000184729
9.44884	0.000301525	0.000183576	6.76927E-05
9.69151	0.000328894	0.000198769	7.78374E-05
9.93419	0.000342965	0.000213963	8.8911E-05
180.05	0.000344289	0.000500871	0.000200909
10.1769	0.000357035	0.000246619	0.000101199
10.4195	0.000359884	0.000279276	0.000114802
10.6622	0.000362733	0.000325237	0.000129728
10.9049	0.000372231	0.000371199	0.000146054
11.1476	0.000381729	0.000422981	0.000164077
179.807	0.000394976	0.000538482	0.00021798
11.3902	0.000406051	0.000474763	0.000184403
11.6329	0.000430373	0.00051324	0.000207912
179.565	0.000445664	0.000546434	0.000236559
11.8756	0.000467995	0.000551718	0.000235605
179.322	0.000496352	0.000554386	0.000257283
12.1183	0.000505614	0.000563308	0.000268368
160.636	0.000516802	0.000362952	0.000446895
146.561	0.000530447	0.000641354	0.000554261
160.393	0.000531393	0.00037404	0.000443062
160.879	0.000535185	0.000351865	0.000451403
157.724	0.000536164	0.000401135	0.000467038
12.3609	0.000536309	0.000574898	0.000306725
146.803	0.000537741	0.000644992	0.000565133
149.473	0.000540598	0.000675327	0.000541463
157.966	0.000540899	0.000389978	0.000462168
149.716	0.00054257	0.000615333	0.00053708
149.958	0.000544546	0.000571415	0.000533817
147.046	0.000545031	0.000667202	0.000573642
158.209	0.000545637	0.000418736	0.000456347
160.151	0.000545981	0.000410906	0.000439912
179.079	0.00054704	0.000562338	0.000280779
143.649	0.000550328	0.000586887	0.000504866
93.172	0.000550708	0.00058479	0.000791042
149.23	0.000551923	0.000735321	0.000546867
92.9293	0.000552684	0.000573235	0.00079756
143.891	0.000552702	0.000570844	0.000498745
157.481	0.00055276	0.000412292	0.000470413
161.121	0.000553569	0.000371822	0.000456623
146.318	0.000554192	0.000637716	0.000541895
92.6867	0.00055466	0.000619335	0.000806126
144.134	0.000555073	0.000573304	0.000493736
150.201	0.000560094	0.000527499	0.000531731
93.4147	0.000562034	0.000596346	0.000787823
90.7453	0.000562693	0.000604159	0.000868856
148.987	0.000563248	0.000773144	0.000553099
90.5026	0.00056633	0.000579922	0.000875851
92.444	0.000566884	0.000665435	0.000815634
12.6036	0.000567004	0.000559878	0.000350661
157.238	0.00056936	0.000453662	0.000472061
90.9879	0.000569585	0.000628396	0.000862654
90.2599	0.000569966	0.000604471	0.000884473
147.289	0.000570053	0.000689412	0.00057922
161.364	0.000571949	0.000391779	0.000462579
158.452	0.00057254	0.000447495	0.000450295
93.6574	0.000573359	0.000653689	0.000789122
159.908	0.00057387	0.000447772	0.000437545
150.444	0.000575646	0.000532367	0.00053086
91.2306	0.000576477	0.000674807	0.000856527
146.075	0.000577934	0.000634078	0.000529084
143.406	0.000578989	0.000602929	0.000511682
92.2013	0.000579108	0.000708208	0.000825224
144.377	0.000579127	0.000575764	0.000490212
91.4733	0.000583372	0.000721219	0.000849947
148.745	0.000583716	0.000810963	0.000559847
12.8463	0.000584401	0.000544858	0.000399549
91.9586	0.000584688	0.000750981	0.000834313
156.996	0.00058596	0.000495033	0.000472126
90.0172	0.000586903	0.000629019	0.000895562
91.716	0.000590263	0.000736101	0.000842584
161.607	0.000590332	0.000428923	0.000469236
150.686	0.000591199	0.000537235	0.000531242
93.9001	0.000592913	0.000711033	0.000795906
178.837	0.000593899	0.000570289	0.000307661
147.531	0.000595078	0.000724926	0.000581655
162.577	0.000599025	0.000484638	0.00050049
161.849	0.000599156	0.000466067	0.000476494
158.695	0.000599439	0.00048152	0.000444751
159.665	0.000601763	0.000484638	0.000436163
13.089	0.000601795	0.00053455	0.000452234
156.753	0.000602556	0.000523098	0.000471114
144.619	0.00060318	0.00059153	0.00048854
162.335	0.000603503	0.000496003	0.000492235
89.7746	0.00060384	0.000666873	0.00090979
148.502	0.000604184	0.000813853	0.000566652
162.82	0.000605355	0.000473273	0.000508989
150.929	0.000606747	0.000580078	0.000532912
147.774	0.000606802	0.000760438	0.000581096
145.833	0.000607353	0.00063044	0.000516898
143.163	0.00060765	0.000618971	0.000518683
162.092	0.000607976	0.000481035	0.000484207
152.87	0.000610213	0.000719643	0.000570912
148.259	0.000611355	0.000816743	0.000572925
163.063	0.000611685	0.000461909	0.000517852
94.1427	0.000612464	0.000746201	0.000808667
156.51	0.000612783	0.000551164	0.000469802
13.3316	0.000613787	0.000524242	0.000507207
158.937	0.000615538	0.000515545	0.000440321
152.628	0.000616586	0.000743602	0.000567977
159.423	0.000616698	0.000521504	0.000436028
89.5319	0.000617036	0.000704727	0.000927477
148.017	0.000618522	0.00078859	0.000577975
151.172	0.000620635	0.000622921	0.000535876
153.113	0.00062185	0.000695684	0.000571477
152.385	0.000622956	0.000750375	0.000563263
156.268	0.00062301	0.000544858	0.000469087
94.3854	0.000625363	0.000781373	0.000827242
13.5743	0.00062578	0.000558284	0.00056285
144.862	0.000627233	0.000607294	0.000489084
152.142	0.000629329	0.000757151	0.00055746
89.2892	0.000630231	0.00072484	0.00094845
159.18	0.000631634	0.000518524	0.000437377
156.025	0.000633233	0.000538552	0.000469831
153.356	0.000633487	0.000658419	0.00056927
151.414	0.000634524	0.000665764	0.000540068
151.657	0.000635115	0.000708607	0.000545309
151.9	0.000635702	0.000732879	0.000551268
145.59	0.000636775	0.000631306	0.000506275
89.0465	0.000636775	0.000744954	0.000971973
94.6281	0.000638265	0.000741697	0.000850766
163.305	0.000640179	0.000450544	0.000527301
178.594	0.000640759	0.000622349	0.000338541
88.8039	0.000643322	0.00075176	0.000996826
155.782	0.00064346	0.0005012	0.000472709
145.347	0.000644033	0.000632172	0.000497902
13.817	0.000644421	0.000592326	0.000617661
142.921	0.000645729	0.000635014	0.000525238
94.8708	0.000646871	0.000702024	0.000877745
145.105	0.000651287	0.000619733	0.000492149
88.5612	0.000652501	0.000758573	0.001021509
95.1134	0.000655478	0.000631306	0.000906283
153.598	0.000658421	0.000621154	0.000564144
88.3185	0.000661677	0.000787557	0.001044546
14.0597	0.000663065	0.000665452	0.000670417
155.54	0.00066341	0.000463849	0.000478106
163.548	0.000668673	0.000455239	0.000537624
95.3561	0.000670736	0.000560588	0.000934401
178.351	0.000674318	0.000674409	0.000374025
155.297	0.000683359	0.000438469	0.000486068
153.841	0.000683359	0.000576405	0.000556236
142.678	0.000683809	0.000648838	0.000530633
88.0758	0.000684157	0.000816541	0.001064832
95.5988	0.000685991	0.000543853	0.000960389
14.3024	0.000695837	0.000738578	0.000720264
163.791	0.000696337	0.000459934	0.000549149
155.054	0.000703309	0.000413089	0.000496306
154.084	0.000704418	0.000531657	0.00054596
87.8332	0.000706633	0.000876568	0.001081915
178.109	0.00070788	0.000775255	0.00041468
108.703	0.000710063	0.000812258	0.000797991
95.8415	0.000718564	0.000527118	0.000983118
142.435	0.000721888	0.000662663	0.000534155
108.461	0.000722997	0.000785356	0.000815691
154.812	0.000723258	0.000427624	0.000508243
164.033	0.000724002	0.000486804	0.000562214
154.569	0.000724368	0.000442159	0.000521097
154.326	0.000725473	0.000486908	0.000533973
108.946	0.00072816	0.000839161	0.000779654
14.545	0.000728609	0.000811704	0.00076671
108.218	0.000735936	0.000771751	0.000832977
164.276	0.000738368	0.000513674	0.000577167
87.5905	0.000739779	0.000936594	0.001096153
109.189	0.000746253	0.000845749	0.000761057
96.0841	0.00075114	0.000585778	0.001002218
164.519	0.000752732	0.000532506	0.000594347
177.866	0.00075391	0.000876096	0.000460972
164.761	0.000754907	0.000551337	0.000614086
165.004	0.000757078	0.000539123	0.000636684
142.193	0.000759971	0.000654313	0.000535232
14.7877	0.000761381	0.000884834	0.000809596
165.247	0.000772551	0.000526909	0.00066238
87.3478	0.000772924	0.001005771	0.001108685
109.431	0.000774117	0.000852331	0.000743025
107.975	0.000777684	0.000758154	0.000850679
141.95	0.000783089	0.000645963	0.000533574
165.489	0.000788023	0.000502777	0.000691325
96.3268	0.000790361	0.000644438	0.001018105
15.0304	0.000794153	0.000921919	0.00084904
177.623	0.000799939	0.000983316	0.0005132
109.674	0.00080198	0.000845607	0.000726591
47.0636	0.000804163	0.001127247	0.001180533
87.1051	0.000806069	0.001074947	0.001121199
141.707	0.000806207	0.000622575	0.000529279
141.465	0.000816024	0.000599186	0.000522869
46.8209	0.000816304	0.001149619	0.001158095
165.732	0.000816797	0.000478644	0.000723563
107.733	0.000819436	0.000796115	0.000870117
15.2731	0.000821799	0.000959012	0.000885413
47.3063	0.000825541	0.001104882	0.001208868
141.222	0.000825845	0.000575799	0.000515229
46.5782	0.000828441	0.001173571	0.001138579
96.5695	0.000829586	0.000708087	0.001031845
109.917	0.000829844	0.000838883	0.00071272
140.979	0.000834002	0.000552411	0.000507478
111.615	0.000835093	0.000796198	0.000688627
111.858	0.000838436	0.000788718	0.000688859
86.8624	0.000839215	0.00111308	0.00113558
112.101	0.000841778	0.000777906	0.000689401
140.737	0.000842159	0.000543991	0.000500782
111.373	0.000845048	0.000803685	0.000688376
165.975	0.00084557	0.000494427	0.000759053
47.549	0.000846919	0.001104695	0.001232572
15.5157	0.000849449	0.000969494	0.000919311
140.494	0.000850315	0.000535572	0.000496182
46.3356	0.000853883	0.001197531	0.00112284
111.13	0.000855006	0.000811165	0.000688209
110.159	0.000857707	0.000833829	0.000702057
140.251	0.000858469	0.000549328	0.000494459
112.343	0.000862297	0.000767094	0.00069089
110.887	0.000862333	0.000818652	0.000688656
96.8122	0.000862989	0.000771736	0.001044885
110.402	0.000863682	0.000828768	0.000694775
86.6198	0.000864048	0.001151206	0.001153488
110.645	0.000869656	0.000823706	0.000690546
15.7584	0.000877095	0.000979977	0.000951546
140.008	0.000877483	0.000563083	0.000496066
46.0929	0.000879321	0.001194881	0.001111565
177.381	0.000881434	0.001090536	0.000571425
112.586	0.000882819	0.000756282	0.000694055
107.49	0.000883356	0.000834069	0.000892865
166.217	0.000887641	0.000510209	0.000797719
86.3771	0.000888881	0.001153857	0.001176011
44.6368	0.000888982	0.001109681	0.001135089
44.8795	0.00089513	0.001102913	0.001123077
45.8502	0.000895892	0.00119223	0.00110514
44.3942	0.000896135	0.001116457	0.001148537
97.0548	0.000896396	0.000777734	0.001058747
139.766	0.000896497	0.00059198	0.000501125
47.7916	0.000899328	0.0011045	0.001256275
45.1222	0.000901279	0.00112524	0.001113267
44.1515	0.000903287	0.001149844	0.001162775
112.829	0.000903338	0.000745473	0.000699467
42.2101	0.000903563	0.001188441	0.001256275
16.0011	0.000904741	0.001002633	0.000983096
45.3649	0.000906873	0.001147568	0.001106495
45.6075	0.000912466	0.001169903	0.001103571
86.1344	0.000913713	0.001156508	0.001208868
97.2975	0.000916501	0.000783724	0.001074717
42.4528	0.00091702	0.00117134	0.001244423
41.9674	0.000918093	0.001205535	0.001268127
43.9088	0.000923462	0.001183223	0.001177272
113.071	0.00092386	0.000742078	0.000707328
16.2438	0.000924872	0.001025298	0.001015005
139.523	0.000928812	0.000620877	0.000509463
166.46	0.000929712	0.000593071	0.000839534
42.6954	0.000930476	0.001180849	0.001244423
41.7247	0.000932623	0.001248139	0.001268127
97.5402	0.000936607	0.000743983	0.001093655
113.314	0.000937176	0.000738682	0.000717359
85.8917	0.000938546	0.001145853	0.001232572
43.6661	0.000943636	0.001198317	0.001197017
42.9381	0.00094393	0.001190366	0.001232572
16.4864	0.000945003	0.001074565	0.001048252
107.247	0.000947272	0.000929683	0.000920455
113.557	0.000950495	0.000735287	0.000728815
43.4235	0.000950509	0.001213404	0.001208868
97.7829	0.000951064	0.000704242	0.001115905
48.0343	0.000951742	0.001125098	0.001279978
43.1808	0.000957387	0.001201881	0.00122072
139.28	0.000961128	0.000649774	0.000520686
113.799	0.00096381	0.000731891	0.000740633
16.7291	0.000965134	0.00112384	0.00108358
98.0255	0.000965525	0.000686675	0.001141348
41.4821	0.000969317	0.001290742	0.001279978
85.6491	0.000974885	0.001135198	0.001268127
114.042	0.000977126	0.000739583	0.00075166
166.703	0.000979544	0.000675933	0.000884606
98.2682	0.000979986	0.000669108	0.001169545
16.9718	0.000985265	0.001182534	0.001121358
177.138	0.000989528	0.001175585	0.000635446
114.285	0.000993769	0.000747275	0.000760901
98.5109	0.000994444	0.000720283	0.001197017
139.038	0.001001752	0.000678671	0.000534217
41.2394	0.001006012	0.001333338	0.00129183
114.528	0.001010409	0.000754964	0.000767737
85.4064	0.001011225	0.0011374	0.001303682
48.277	0.001012323	0.001145703	0.001315533
39.298	0.001012523	0.001451003	0.001398495
39.5406	0.001014205	0.001449153	0.001386643
39.7833	0.001015883	0.001447297	0.00136294
98.7536	0.001018047	0.000771459	0.001232572
17.2145	0.001018559	0.001241228	0.001161507
107.005	0.001022412	0.001025298	0.000954085
114.77	0.001027053	0.000762662	0.000772037
166.945	0.001029373	0.000789841	0.000933234
40.9967	0.00103592	0.001375941	0.00129183
40.026	0.00103973	0.001445447	0.001351088
98.9962	0.001041651	0.000853679	0.001268127
138.795	0.00104238	0.000698698	0.000549345
115.013	0.001043696	0.000766398	0.000774145
39.0553	0.001046074	0.00145286	0.001422198
17.4571	0.001051849	0.001273311	0.001208868
115.256	0.001057149	0.000770141	0.00077477
85.1637	0.001060865	0.001139601	0.001351088
40.2687	0.001063573	0.001428069	0.001339236
40.5114	0.001064701	0.001410691	0.001315533
99.2389	0.001065255	0.000935906	0.001303682
40.754	0.001065824	0.00139332	0.001303682
115.498	0.001070606	0.000773885	0.000774776
48.5197	0.001072908	0.001188471	0.001339236
38.8126	0.001079629	0.001416374	0.00143405
138.552	0.001083004	0.000718725	0.000565273
115.741	0.001084059	0.000777629	0.00077497
99.4816	0.001088859	0.001000522	0.001339236
115.984	0.001097516	0.000774716	0.000775914
106.762	0.001097552	0.001127007	0.000994378
17.6998	0.001098444	0.001305395	0.001244423
167.188	0.00110137	0.000903747	0.000985912
116.226	0.001107645	0.000771804	0.000777815
84.921	0.001110505	0.001172845	0.001386643
99.7243	0.001116201	0.001065138	0.001374791
116.469	0.001117777	0.000791069	0.000780513
176.895	0.001118401	0.001260628	0.000704834
138.31	0.001123629	0.000738751	0.00058116
38.5699	0.001126478	0.001379887	0.001457753
48.7623	0.001126844	0.001231247	0.001374791
116.712	0.001127906	0.000810334	0.000783564
116.954	0.001138039	0.000843982	0.000786384
99.9669	0.001143546	0.00109872	0.001410346
17.9425	0.001145036	0.00131697	0.00129183
138.067	0.001149085	0.000758776	0.000596225
84.6784	0.001159729	0.001206089	0.001422198
117.197	0.001164913	0.000877623	0.000788416
100.21	0.001170887	0.001132293	0.00143405
106.519	0.001172689	0.001228716	0.001041249
38.3273	0.00117333	0.001343409	0.001481456
167.431	0.001173367	0.000980927	0.001043252
137.824	0.001174541	0.000777487	0.000609862
49.005	0.001180777	0.001293977	0.001398495
137.582	0.0011867	0.000796198	0.000621778
117.44	0.00119179	0.000897959	0.000789274
18.1852	0.001192733	0.001328539	0.001327385
100.452	0.001198232	0.001156305	0.001469605
137.339	0.001198856	0.000828214	0.000632084
38.0846	0.001206882	0.001306922	0.001517011
84.4357	0.001208952	0.001261788	0.001457753
137.096	0.001214339	0.00086023	0.000641316
117.682	0.001218668	0.000918303	0.000788839
49.2477	0.001229445	0.001356714	0.00143405
136.854	0.001229819	0.00090195	0.000650352
100.695	0.001239154	0.001180318	0.00150516
18.4278	0.001240433	0.001340114	0.001374791
37.8419	0.001240433	0.001303418	0.001540715
117.925	0.001245541	0.00091813	0.000787283
106.277	0.001247829	0.001281645	0.001093882
118.896	0.001251084	0.000887499	0.000780091
84.193	0.001251527	0.001317487	0.001493308
37.5992	0.00125182	0.001299922	0.001564418
118.168	0.001253579	0.000917951	0.000785031
119.138	0.00125621	0.000883995	0.000780929
167.674	0.001256272	0.001058108	0.001105857
118.653	0.001256348	0.000890996	0.000780825
136.611	0.001258599	0.000943663	0.000660197
119.381	0.001261337	0.000893804	0.000783652
118.41	0.001261612	0.000904473	0.000782666
37.3566	0.001263207	0.001358511	0.001599973
176.653	0.001273873	0.001340683	0.000779005
49.4904	0.001278118	0.001432749	0.001469605
100.938	0.001280072	0.001210979	0.001540715
37.1139	0.001280688	0.0014171	0.001635528
18.6705	0.001281486	0.00135169	0.001410346
136.368	0.00128738	0.000972077	0.000671734
119.624	0.001288627	0.000903612	0.000788438
83.9503	0.001294101	0.001373186	0.001540715
36.8712	0.001298169	0.001502441	0.001671083
106.034	0.001312162	0.001334573	0.001150843
119.866	0.001315922	0.000903994	0.000795355
101.18	0.001320993	0.00124164	0.001564418
18.9132	0.001322534	0.001399849	0.001445901
136.126	0.001326725	0.001000485	0.000685445
49.733	0.001326786	0.001508783	0.001493308
83.7077	0.001328918	0.001428885	0.001576269
36.6285	0.001337818	0.001587783	0.001706638
167.916	0.001339177	0.001068762	0.001174149
19.1559	0.001354581	0.001448008	0.001481456
101.423	0.001361915	0.001264873	0.001588121
83.465	0.001363731	0.001465319	0.001611824
120.109	0.001364268	0.000904369	0.000804411
135.883	0.001366069	0.001007905	0.000701248
49.9757	0.001375455	0.001568323	0.001528863
105.791	0.001376496	0.00134093	0.001208868
36.3859	0.001377463	0.00165982	0.001742193
19.3985	0.001386624	0.00150948	0.001517011
101.666	0.001395318	0.001288106	0.001599973
83.2223	0.001398548	0.001501753	0.001659231
19.6412	0.00140537	0.001570944	0.001552566
135.64	0.001405414	0.001015317	0.000718459
168.159	0.001408782	0.001079417	0.001244423
120.352	0.001412617	0.00088258	0.000815576
105.548	0.001418664	0.001347287	0.001268127
19.8839	0.001424117	0.001618137	0.001576269
50.2184	0.001426205	0.001627871	0.001564418
176.41	0.001427684	0.001420739	0.000857332
101.908	0.001428724	0.001298035	0.001611824
82.9796	0.001433364	0.001516009	0.001694786
36.1432	0.001435398	0.001731849	0.001789599
20.1266	0.001436526	0.001665323	0.001611824
135.398	0.001444759	0.001000559	0.000735938
120.594	0.00144767	0.000860784	0.000828781
102.151	0.00144883	0.001307963	0.001623676
20.3693	0.001448931	0.001699211	0.001647379
105.306	0.001460829	0.001353644	0.001327385
20.6119	0.00146134	0.001733099	0.001682934
82.737	0.001462638	0.001530265	0.001742193
102.394	0.001468935	0.001322459	0.001635528
102.636	0.001471031	0.001336962	0.001635528
102.879	0.001473126	0.001373635	0.001623676
20.8546	0.00147375	0.001770589	0.001718489
103.122	0.001475221	0.001410309	0.001623676
50.4611	0.001476951	0.001647503	0.001588121
103.364	0.001477317	0.001443381	0.001611824
168.402	0.00147839	0.001066232	0.001327385
120.837	0.001482718	0.000844499	0.000843888
105.063	0.001483393	0.001360001	0.001386643
103.607	0.001484676	0.001476453	0.001599973
135.155	0.001484937	0.000985794	0.000752375
21.0973	0.001485742	0.001808078	0.001754044
121.808	0.00148618	0.000907146	0.000916134
121.08	0.001490233	0.000828214	0.00086065
82.4943	0.001491916	0.001545771	0.001777748
121.565	0.001491966	0.000857737	0.000897394
103.85	0.001492035	0.001478482	0.001576269
35.9005	0.001493333	0.001791965	0.001848857
122.05	0.001496469	0.000956556	0.000934148
21.34	0.001497734	0.001872178	0.001789599
121.322	0.001497749	0.000842972	0.000878671
104.092	0.001499394	0.001480511	0.001552566
104.82	0.00150596	0.00139013	0.00143405
104.578	0.001506358	0.00142026	0.001481456
122.293	0.001506754	0.001005965	0.000950749
104.335	0.001506754	0.001450381	0.001517011
21.5826	0.001516375	0.001936278	0.001825154
168.644	0.001516687	0.001053046	0.001410346
82.2516	0.001521189	0.001561278	0.001813302
134.912	0.001525112	0.00097353	0.000766631
50.7037	0.0015277	0.001667127	0.001623676
21.8253	0.001535016	0.002007588	0.001872561
122.536	0.001548074	0.001055367	0.000965413
82.0089	0.001550463	0.001583433	0.001848857
168.887	0.001554984	0.001097522	0.001493308
22.068	0.001561002	0.002078891	0.001908116
134.67	0.001565287	0.000961265	0.000778049
35.6578	0.001566229	0.001852082	0.001908116
81.7663	0.001568343	0.001605588	0.001884412
50.9464	0.001578446	0.001654668	0.001647379
176.167	0.001581495	0.001522972	0.000939248
81.5236	0.001586222	0.001626089	0.001919967
22.3107	0.001586984	0.002136896	0.001931819
122.778	0.001589391	0.001071241	0.000977864
169.13	0.001593281	0.001141989	0.001588121
134.427	0.001605461	0.000971171	0.000786627
81.2809	0.001610754	0.001646582	0.001955522
51.1891	0.001613368	0.001642217	0.001671083
26.6788	0.001616787	0.002118477	0.002322923
22.5533	0.00162627	0.002194893	0.001967374
26.9215	0.001628398	0.002157441	0.002394033
26.4361	0.001630251	0.002079512	0.002263665
169.372	0.001631577	0.001265465	0.001671083
81.0382	0.001635282	0.00165377	0.001979226
134.184	0.001636424	0.000981085	0.000793008
35.4152	0.001639129	0.001956546	0.001979226
27.1642	0.00164001	0.002196406	0.002476995
26.1935	0.001643715	0.002050536	0.002216259
123.021	0.001647057	0.001087107	0.00098811
51.4318	0.001648286	0.001636414	0.001706638
22.796	0.001665553	0.002228781	0.001991077
133.942	0.001667387	0.001009222	0.000798279
51.6744	0.001669907	0.001630611	0.001730341
25.9508	0.00167048	0.002021552	0.002180704
27.4069	0.001673786	0.002235363	0.00258366
80.7956	0.001676715	0.001660958	0.002014781
51.9171	0.001691528	0.001660149	0.001754044
25.7081	0.001697245	0.002036916	0.002145149
133.699	0.001698351	0.001037353	0.000803665
169.615	0.001698691	0.001388932	0.001765896
23.0387	0.001701095	0.00226267	0.002002929
123.264	0.001704724	0.00107193	0.000996405
52.1598	0.001706221	0.001689687	0.001789599
27.6495	0.001707566	0.002271213	0.002702176
80.5529	0.001718144	0.001655537	0.002050335
25.4654	0.001719852	0.00205228	0.002121445
52.4025	0.001720918	0.001750268	0.001813302
175.925	0.001723114	0.001625205	0.001024311
133.456	0.001729314	0.00106549	0.000810188
52.6451	0.001735611	0.001810848	0.001848857
35.1725	0.001736267	0.002061011	0.002050335
23.2814	0.00173664	0.002269947	0.002014781
59.6827	0.00173697	0.001982865	0.00208589
25.2228	0.001742459	0.002093424	0.00208589
59.9254	0.001742727	0.002002766	0.002097742
133.214	0.00174587	0.001093621	0.000818413
59.4401	0.001746175	0.001962955	0.002062187
27.8922	0.001747889	0.002307055	0.002832544
60.1681	0.001748484	0.00198276	0.002121445
123.507	0.001749089	0.00105676	0.001003164
52.8878	0.001750304	0.001870463	0.001872561
59.1974	0.001755375	0.0019619	0.002050335
24.9801	0.001758417	0.002134575	0.002074039
23.524	0.001758885	0.002277225	0.002014781
132.971	0.001762426	0.001115102	0.000828356
58.9547	0.00176458	0.001960844	0.002050335
169.858	0.001765802	0.001552323	0.001848857
53.1305	0.001767212	0.001930078	0.001908116
60.4108	0.001767542	0.001962753	0.002145149
80.3102	0.001772874	0.001650116	0.002074039
58.712	0.001773784	0.002017441	0.002038484
24.7374	0.001774375	0.002175718	0.002050335
132.728	0.001778979	0.001136591	0.000839554
58.4694	0.001779871	0.002074039	0.002038484
23.7667	0.001781129	0.002275436	0.002014781
24.4947	0.001782713	0.002216862	0.002038484
53.3732	0.001784123	0.00197638	0.001943671
58.2267	0.001785958	0.002168336	0.002038484
24.0094	0.001786088	0.002273654	0.002026632
60.6535	0.001786599	0.001912528	0.002157
28.1349	0.001788209	0.002369508	0.002974764
24.2521	0.001791051	0.002245261	0.002026632
57.984	0.001792045	0.002262632	0.002038484
123.749	0.001793458	0.001048232	0.001008843
132.486	0.001795536	0.001144767	0.000851298
57.7413	0.001798135	0.002334758	0.002038484
53.6159	0.001801035	0.00202269	0.001967374
123.992	0.001806237	0.001039711	0.00101382
60.8961	0.001808289	0.001862302	0.002180704
53.8585	0.001817943	0.002075649	0.002002929
124.72	0.001817979	0.001122522	0.001026029
124.477	0.001818498	0.001084756	0.00102241
124.235	0.001819016	0.001062233	0.001018322
132.243	0.00182121	0.001152943	0.00086291
54.1012	0.001825295	0.002128615	0.002038484
80.0675	0.001827608	0.001666865	0.002109594
57.4987	0.001828464	0.002406877	0.002050335
28.3776	0.001828532	0.00243196	0.003116984
124.963	0.001828949	0.001160289	0.001029095
61.1388	0.001829979	0.001834254	0.002192555
54.3439	0.001832647	0.002194878	0.002062187
175.682	0.001838136	0.00175321	0.001112202
61.3815	0.001838371	0.001806206	0.002192555
65.0216	0.001839158	0.001928139	0.002239962
125.205	0.001839919	0.001198055	0.001031587
62.1095	0.001839988	0.001907781	0.002168852
54.5866	0.001839999	0.002261142	0.00208589
61.8668	0.001843374	0.001853227	0.002180704
61.6242	0.00184676	0.001829717	0.002192555
132	0.00184688	0.001146669	0.000873988
54.8292	0.001847347	0.002311128	0.002109594
62.3522	0.001849903	0.001962334	0.002157
64.7789	0.001852361	0.001932055	0.002204407
65.2643	0.001856987	0.001924223	0.002275517
57.256	0.001858796	0.002422032	0.002062187
62.5949	0.001859818	0.001996529	0.002157
34.9298	0.001860007	0.002241982	0.002145149
64.5363	0.001865568	0.001935963	0.002180704
55.0719	0.001867583	0.002361107	0.002121445
28.6202	0.001868856	0.002550411	0.003259204
131.757	0.001872554	0.001140402	0.000884536
125.448	0.001873058	0.001235822	0.00103361
65.507	0.001874812	0.001915036	0.002311072
62.8375	0.001881247	0.002030732	0.002145149
170.1	0.001881678	0.001715706	0.001931819
55.3146	0.001887819	0.002380042	0.002133297
64.2936	0.001888885	0.001939879	0.002168852
79.8248	0.001895639	0.001683622	0.002145149
57.0133	0.001895777	0.002437194	0.002062187
131.515	0.001898227	0.001134128	0.000894949
63.0802	0.001902676	0.002025011	0.002133297
125.691	0.001906192	0.001247532	0.001035405
65.7496	0.001910789	0.001905856	0.002358478
64.0509	0.001912203	0.00195308	0.002157
55.5573	0.001914704	0.002398978	0.002133297
63.3229	0.001917456	0.002019298	0.002133297
63.8082	0.001922219	0.001966287	0.002145149
175.439	0.001928219	0.001881223	0.001197017
28.8629	0.001931623	0.002668855	0.00337772
131.272	0.001931656	0.001127853	0.000905855
63.5656	0.001932236	0.001992793	0.002145149
56.7706	0.001932758	0.002421306	0.00208589
55.7999	0.001941589	0.002397264	0.002133297
125.933	0.0019457	0.001259242	0.001037299
65.9923	0.001946766	0.001909982	0.002417737
56.528	0.001950482	0.002405417	0.002097742
56.0426	0.001954897	0.002395549	0.002121445
79.5822	0.001963666	0.001754423	0.002180704
131.029	0.001965088	0.001121309	0.000917885
56.2853	0.001968205	0.002400483	0.002109594
126.176	0.001985211	0.001270953	0.001039602
66.235	0.001989391	0.0019141	0.002476995
29.1056	0.001994387	0.002831654	0.003484385
170.343	0.001997559	0.001853587	0.002002929
130.787	0.001998519	0.001114758	0.000931453
34.6871	0.002002587	0.002422953	0.002239962
126.419	0.002011418	0.001282663	0.001042513
175.196	0.002018302	0.002009228	0.00129183
130.544	0.002031948	0.001121519	0.000946604
66.4777	0.002032017	0.001940194	0.002536253
126.661	0.002037628	0.001307821	0.001046041
79.3395	0.002038346	0.001825232	0.002216259
126.904	0.002054417	0.001332979	0.001049985
130.301	0.002067598	0.001128272	0.000962983
127.147	0.002071205	0.001371434	0.001053966
66.7203	0.002086627	0.001966287	0.002607363
127.389	0.002087997	0.001409897	0.001057504
29.3483	0.002097053	0.002994445	0.003567347
174.954	0.002097372	0.00213724	0.001386643
130.059	0.002103245	0.001163164	0.000979917
127.632	0.002104786	0.001445859	0.001060106
79.0968	0.00211303	0.001944821	0.002263665
170.586	0.002124242	0.001991475	0.002062187
127.875	0.002129332	0.001481829	0.001061339
129.816	0.002138892	0.001198055	0.000996573
66.963	0.002141237	0.002014551	0.002678473
128.117	0.002153879	0.001486748	0.00106086
34.4445	0.002171769	0.00262721	0.002358478
129.573	0.002174539	0.001255117	0.001012139
174.711	0.002176442	0.002218194	0.001481456
128.36	0.002178425	0.001491667	0.001058415
129.331	0.00219273	0.001312186	0.001025962
78.8541	0.002199208	0.00206441	0.002322923
29.5909	0.002199716	0.003158076	0.003614753
128.603	0.002202971	0.001457884	0.001053812
128.845	0.002206948	0.001424101	0.001046908
129.088	0.002210922	0.001368147	0.001037617
67.2057	0.002218012	0.002062815	0.002761434
170.828	0.002250926	0.002080575	0.002121445
174.468	0.002268813	0.002299156	0.001576269
78.6115	0.002285387	0.002194811	0.00237033
67.4484	0.002294788	0.002137412	0.002844396
29.8336	0.002316546	0.003321706	0.003638457
171.071	0.00233771	0.002169668	0.002157
34.2018	0.002340948	0.002831459	0.002476995
174.226	0.002361184	0.002340194	0.001671083
78.3688	0.002384864	0.002325212	0.00244144
67.6911	0.002397055	0.00221201	0.002927358
171.314	0.002424495	0.002238118	0.002192555
30.0763	0.002433376	0.003449853	0.003626605
173.983	0.002448566	0.002381233	0.001765896
171.556	0.002468585	0.002306568	0.002216259
78.1261	0.002484344	0.002433435	0.00251255
67.9337	0.002499323	0.002317657	0.003022171
33.9591	0.002510126	0.00300966	0.002607363
171.799	0.002512675	0.002361713	0.00222811
30.319	0.002532476	0.00352478	0.003614753
173.74	0.002535949	0.002409528	0.001848857
172.042	0.002543464	0.002416858	0.002216259
172.284	0.002574253	0.002451764	0.002204407
31.775	0.002577864	0.003282105	0.003436979
32.0177	0.002589925	0.003239314	0.003401424
31.5323	0.002592401	0.003367581	0.003460682
173.498	0.002596729	0.002437815	0.001931819
172.527	0.002599503	0.002486671	0.002168852
77.8834	0.002604219	0.002541658	0.00258366
30.5616	0.002604973	0.003572542	0.003579198
31.2897	0.002614663	0.003453058	0.003496237
68.1764	0.002614888	0.002423297	0.003116984
32.2604	0.002620826	0.003196516	0.003354017
172.77	0.002624749	0.002490534	0.002133297
173.255	0.002630915	0.00246611	0.002002929
30.8043	0.002634247	0.003567084	0.003555495
31.047	0.002636922	0.00352338	0.00351994
173.012	0.002641131	0.002494398	0.002074039
33.7164	0.002645503	0.00313464	0.002737731
32.503	0.002678329	0.003213048	0.003294759
77.6408	0.002724098	0.00263606	0.002666621
32.7457	0.002725302	0.003229573	0.003211797
68.4191	0.002730453	0.00255098	0.003223649
33.4738	0.002736551	0.003221913	0.002879951
32.9884	0.002772274	0.003242773	0.003116984
33.2311	0.002776577	0.003255974	0.002998467
68.6618	0.002837013	0.002678663	0.003330314
77.3981	0.002857274	0.002730461	0.002761434
68.9044	0.002943577	0.002806339	0.003436979
77.1554	0.002990454	0.002824863	0.002856248
69.1471	0.003043488	0.002934022	0.003543643
76.9127	0.003129449	0.002919264	0.002962913
69.3898	0.003143399	0.003047149	0.003650308
69.6325	0.003249542	0.003160277	0.003768825
76.6701	0.003268444	0.003032092	0.003081429
69.8751	0.003355689	0.003260099	0.00387549
76.4274	0.003407443	0.003144928	0.003211797
70.1178	0.003475133	0.003359922	0.003970303
76.1847	0.003546437	0.003264412	0.003342165
70.3605	0.003594581	0.003458029	0.004065116
75.942	0.00366148	0.003383896	0.003472533
70.6032	0.003733985	0.003556137	0.004159929
75.6994	0.003770237	0.003494096	0.003602902
70.8458	0.003842742	0.003660901	0.004242891
75.4567	0.003878994	0.003604296	0.003721418
75.214	0.003951499	0.003701191	0.003851786
71.0885	0.003951499	0.003765658	0.004314001
74.9713	0.004024003	0.003798093	0.003958451
71.3312	0.004060256	0.003865293	0.004385111
74.7287	0.004096508	0.003880155	0.004065116
74.486	0.00413276	0.003962217	0.004159929
71.5739	0.00413276	0.00396492	0.004432517
74.2433	0.004169012	0.004030982	0.004254742
74.0006	0.004205265	0.004099739	0.004325852
73.758	0.004241517	0.004140508	0.004396962
71.8165	0.004241517	0.004042378	0.004479924
73.5153	0.004277769	0.00418127	0.00445622
72.0592	0.004277769	0.004119835	0.004515479
73.2726	0.004314022	0.004199861	0.004491775
72.3019	0.004314022	0.004160013	0.00452733
73.0299	0.004350274	0.004218445	0.00452733
72.5446	0.004350274	0.00420019	0.004539182
72.7872	0.004350274	0.004209317	0.004539182
